Cu-Ni-Powder_250x_10_SE: 0.899914956051885, 0.9760274633704945, 0.9204094744115757
Cu-Ni-Powder_250x_1_SE_V1: 0.7801254879777236, 0.8779247387754605, 0.88816003167927
Cu-Ni-Powder_250x_6_SE_V1: 0.6972283740426525, 0.8478254877835097, 0.8069871863022358
HP743_5S_500x: 0.9112327715076955, 0.9769367458747389, 0.9319464229776622
MW_FeMnAl_500_22-11: 0.7570207460770991, 0.8730174926350277, 0.8351488207235648
OMG_Cu_1250_07: 0.6106860325696407, 0.8696561289936207, 0.6770511172302875
RHA_00-45_500X07: 0.9650810489864703, 0.972508216113175, 0.9920753904256651
Rec-Cu-Ni-Powder_250x_7_SE_V1: 0.8270313259271146, 0.9291799000508869, 0.8880967812950392
Rec-Cu-Ni-Powder_250x_8_SE_V1: 0.8016647571767352, 0.93472231609728, 0.8526774254188472
Rec-Cu-Ni-Powder_250x_9_SE: 0.8668007640793458, 0.9453878880789971, 0.9080008476841118
S01_03_SE1_500X11: 0.8023963312831445, 0.9068658743043284, 0.8373955295035027
S02_01_SE1_1000X16: 0.8852077475343798, 0.9224796174477777, 0.9168089863226221
S02_02_SE1_300X18: 0.8508327770579859, 0.907797990581801, 0.9030319080671081
S02_03_SE1_1000X24: 0.8005016734624586, 0.8362945273279393, 0.8214942547360755
S04_01_SE1_1000X45: 0.9140017796945573, 0.9582199773076364, 0.9363008046194405
S05_02_SE1_300X59: 0.870314807165052, 0.9450650790051491, 0.9188814218177884
S05_03_SE1_1000X65: 0.7850356746676133, 0.9465185500167911, 0.8090784762913351
S07_03_SE1_1250X92: 0.8398185883001422, 0.9757015531661845, 0.8597300268916633
Sc1Tile_001-002-000_0-000: 0.8663448902060125, 0.9235795147427944, 0.9375274222641579
TruForm174-2_00-37_500X16: 0.904084899775358, 0.9518054029255083, 0.9484649360559918
Final scores: 0.8317662716771533, 0.923875723229955, 0.8794633632358971
