Cu-Ni-Powder_250x_10_SE: 0.8999084711083185, 0.9761028159746145, 0.9203247644966362
Cu-Ni-Powder_250x_1_SE_V1: 0.7376355516044885, 0.8886772263345355, 0.8282735023634569
Cu-Ni-Powder_250x_6_SE_V1: 0.7156439740184456, 0.8835920668416266, 0.7913997748075932
HP743_5S_500x: 0.8612795859850313, 0.9750221353952614, 0.88130107130441
MW_FeMnAl_500_22-11: 0.7874556949312282, 0.8890961968768503, 0.8695867339804663
OMG_Cu_1250_07: 0.5924180553715208, 0.8945875760431051, 0.649393324541384
RHA_00-45_500X07: 0.928863398386812, 0.9703556403557617, 0.9564161236494536
Rec-Cu-Ni-Powder_250x_7_SE_V1: 0.7933711328590028, 0.9355834595031501, 0.8426021868707455
Rec-Cu-Ni-Powder_250x_8_SE_V1: 0.7989370021181983, 0.9343727812399715, 0.8447693161970262
Rec-Cu-Ni-Powder_250x_9_SE: 0.8796825490032191, 0.9613531566718787, 0.9149329222373189
S01_03_SE1_500X11: 0.7728915465329221, 0.8989944772670189, 0.8059866145429437
S02_01_SE1_1000X16: 0.8723806439964702, 0.9231754461962774, 0.9030664080408196
S02_02_SE1_300X18: 0.8737876524948919, 0.9281387973313062, 0.9215840801779215
S02_03_SE1_1000X24: 0.8006865567491559, 0.8364772552853962, 0.8214886740668711
S04_01_SE1_1000X45: 0.9297376022065814, 0.967287048109587, 0.951847890886762
S05_02_SE1_300X59: 0.8456364095751979, 0.9467490387968852, 0.8878967185018037
S05_03_SE1_1000X65: 0.7336950486959055, 0.868502747694632, 0.7842825967814757
S07_03_SE1_1250X92: 0.7469628252803397, 0.963719870273425, 0.7650710281224993
Sc1Tile_001-002-000_0-000: 0.8551823533475477, 0.9252785979716412, 0.9229926501551359
TruForm174-2_00-37_500X16: 0.887547850195397, 0.9610454114849352, 0.9204405058076441
Final scores: 0.8156851952230337, 0.926405587282393, 0.8591828443766184
