Cu-Ni-Powder_250x_10_SE_yolo: 0.8421058083999368, 0.9480168802846318, 0.8821158801339498
Cu-Ni-Powder_250x_1_SE_V1_yolo: 0.677996575478658, 0.9056662889782776, 0.7414518019234555
Cu-Ni-Powder_250x_6_SE_V1_yolo: 0.6682130092677804, 0.9037078304052788, 0.7160511930453882
HP743_5S_500x_yolo: 0.8142464040137916, 0.9612749036788677, 0.843558770280809
MW_FeMnAl_500_22-11_yolo: 0.7311439786485564, 0.9164877784552375, 0.7876050437621384
OMG_Cu_1250_07_yolo: 0.5812029001376511, 0.934693969663431, 0.6029468503571959
RHA_00-45_500X07_yolo: 0.8470091644794433, 0.9231167018758115, 0.9198005382228285
Rec-Cu-Ni-Powder_250x_7_SE_V1_yolo: 0.6924215609076652, 0.9277716942966464, 0.7421443217175729
Rec-Cu-Ni-Powder_250x_8_SE_V1_yolo: 0.722163203890019, 0.9214442519752529, 0.7692202319995164
Rec-Cu-Ni-Powder_250x_9_SE_yolo: 0.8145225947436238, 0.9378188730516627, 0.8661471770137045
S01_03_SE1_500X11_yolo: 0.7351646976109301, 0.9009455939218527, 0.7691125035413224
S02_01_SE1_1000X16_yolo: 0.8372861067275936, 0.9247026422831468, 0.864928790286429
S02_02_SE1_300X18_yolo: 0.814153955198611, 0.9193609770461653, 0.863259203897364
S02_03_SE1_1000X24_yolo: 0.7629688651169599, 0.8279556045622993, 0.7927954837326078
S04_01_SE1_1000X45_yolo: 0.8526412411453359, 0.951690411063184, 0.8844313284514332
S05_02_SE1_300X59_yolo: 0.7868382390733053, 0.9402409823336925, 0.8287330082635477
S05_03_SE1_1000X65_yolo: 0.7103681819459974, 0.8714202798594866, 0.7546727221794925
S07_03_SE1_1250X92_yolo: 0.7093910599978633, 0.9560870283178552, 0.7284400577293728
Sc1Tile_001-002-000_0-000_yolo: 0.7002296833613457, 0.9207152132764147, 0.7463343745003461
TruForm174-2_00-37_500X16_yolo: 0.8405275108756813, 0.9458301103671592, 0.8792893702472766
Final scores: 0.7570297370510374, 0.9219474007848175, 0.7991519325642875
