Cu-Ni-Powder_250x_10_SE: 0.8451211750868626, 0.9500990218777369, 0.88428468328727
Cu-Ni-Powder_250x_1_SE_V1: 0.7121081064303061, 0.8879943359280262, 0.7948854588918929
Cu-Ni-Powder_250x_6_SE_V1: 0.6476975064617132, 0.8782244231398899, 0.7150591526392914
HP743_5S_500x: 0.8670878098930158, 0.964496490814212, 0.8967783835120676
MW_FeMnAl_500_22-11: 0.7022596296227731, 0.8958613869377932, 0.7622047003102792
OMG_Cu_1250_07: 0.6057066286818802, 0.918821612635919, 0.6365522179544089
RHA_00-45_500X07: 0.9392889728213819, 0.9786165137919246, 0.9590498861890981
Rec-Cu-Ni-Powder_250x_7_SE_V1: 0.7347702930490452, 0.9111464456528607, 0.8014903227943152
Rec-Cu-Ni-Powder_250x_8_SE_V1: 0.7206872927023601, 0.9235289574418133, 0.773480083244128
Rec-Cu-Ni-Powder_250x_9_SE: 0.8172451224067091, 0.9241254113625769, 0.8697719777104298
S01_03_SE1_500X11: 0.7700446737204111, 0.902478463968185, 0.8085209826228097
S02_01_SE1_1000X16: 0.8552350001113794, 0.9194725054910456, 0.8857123294486615
S02_02_SE1_300X18: 0.7871425240188281, 0.9016905297703636, 0.8400381350382322
S02_03_SE1_1000X24: 0.7592349824112191, 0.829569166332459, 0.7853636646797332
S04_01_SE1_1000X45: 0.8219877543881055, 0.9426310107069685, 0.8540532207616454
S05_02_SE1_300X59: 0.8040146184377805, 0.9357101117248091, 0.8506186598885299
S05_03_SE1_1000X65: 0.7512294248894799, 0.9595198936226195, 0.7726622833443957
S07_03_SE1_1250X92: 0.8105243665334764, 0.9716956839056138, 0.8312711110120492
Sc1Tile_001-002-000_0-000: 0.7032270287666488, 0.918439349848951, 0.7534487492097907
TruForm174-2_00-37_500X16: 0.8601499096785044, 0.9374245772978358, 0.9142833017725344
Final scores: 0.7757381410055941, 0.9225772946125804, 0.8194764652155782